torch.Size([3368, 512])
Rank@1:0.878563 Rank@5:0.952197 Rank@10:0.971496 mAP:0.716636
torch.Size([305, 512])
Rank@1:0.000000 Rank@5:0.000000 Rank@10:0.000000 mAP:0.000000
torch.Size([305, 512])
Rank@1:0.000000 Rank@5:0.000000 Rank@10:0.000000 mAP:0.000000
torch.Size([305, 512])
22525951298430 [22525951298430 22525951298430 22525951298430 ... 95989891307654
 95989891307654 95989891307654]
22525951298430 [22525951298430 22525951298430 22525951298430 ... 95989891307654
 95989891307654 95989891307654]
22525951298430 [22525951298430 22525951298430 22525951298430 ... 95989891307654
 95989891307654 95989891307654]
22525951298430 [22525951298430 22525951298430 22525951298430 ... 95989891307654
 95989891307654 95989891307654]
22525951298430 [22525951298430 22525951298430 22525951298430 ... 95989891307654
 95989891307654 95989891307654]
82537541305111 [22525951298430 22525951298430 22525951298430 ... 95989891307654
 95989891307654 95989891307654]
82537541305111 [22525951298430 22525951298430 22525951298430 ... 95989891307654
 95989891307654 95989891307654]
82537541305111 [22525951298430 22525951298430 22525951298430 ... 95989891307654
 95989891307654 95989891307654]
82537541305111 [22525951298430 22525951298430 22525951298430 ... 95989891307654
 95989891307654 95989891307654]
82537541305111 [22525951298430 22525951298430 22525951298430 ... 95989891307654
 95989891307654 95989891307654]
91952331307734 [22525951298430 22525951298430 22525951298430 ... 95989891307654
 95989891307654 95989891307654]
91952331307734 [22525951298430 22525951298430 22525951298430 ... 95989891307654
 95989891307654 95989891307654]
91952331307734 [22525951298430 22525951298430 22525951298430 ... 95989891307654
 95989891307654 95989891307654]
91952331307734 [22525951298430 22525951298430 22525951298430 ... 95989891307654
 95989891307654 95989891307654]
91952331307734 [22525951298430 22525951298430 22525951298430 ... 95989891307654
 95989891307654 95989891307654]
15682621210480 [22525951298430 22525951298430 22525951298430 ... 95989891307654
 95989891307654 95989891307654]
15682621210480 [22525951298430 22525951298430 22525951298430 ... 95989891307654
 95989891307654 95989891307654]
15682621210480 [22525951298430 22525951298430 22525951298430 ... 95989891307654
 95989891307654 95989891307654]
15682621210480 [22525951298430 22525951298430 22525951298430 ... 95989891307654
 95989891307654 95989891307654]
15682621210480 [22525951298430 22525951298430 22525951298430 ... 95989891307654
 95989891307654 95989891307654]
64788471301495 [22525951298430 22525951298430 22525951298430 ... 95989891307654
 95989891307654 95989891307654]
64788471301495 [22525951298430 22525951298430 22525951298430 ... 95989891307654
 95989891307654 95989891307654]
64788471301495 [22525951298430 22525951298430 22525951298430 ... 95989891307654
 95989891307654 95989891307654]
64788471301495 [22525951298430 22525951298430 22525951298430 ... 95989891307654
 95989891307654 95989891307654]
64788471301495 [22525951298430 22525951298430 22525951298430 ... 95989891307654
 95989891307654 95989891307654]
91081831307791 [22525951298430 22525951298430 22525951298430 ... 95989891307654
 95989891307654 95989891307654]
91081831307791 [22525951298430 22525951298430 22525951298430 ... 95989891307654
 95989891307654 95989891307654]
91081831307791 [22525951298430 22525951298430 22525951298430 ... 95989891307654
 95989891307654 95989891307654]
91081831307791 [22525951298430 22525951298430 22525951298430 ... 95989891307654
 95989891307654 95989891307654]
91081831307791 [22525951298430 22525951298430 22525951298430 ... 95989891307654
 95989891307654 95989891307654]
3837981302330 [22525951298430 22525951298430 22525951298430 ... 95989891307654
 95989891307654 95989891307654]
3837981302330 [22525951298430 22525951298430 22525951298430 ... 95989891307654
 95989891307654 95989891307654]
3837981302330 [22525951298430 22525951298430 22525951298430 ... 95989891307654
 95989891307654 95989891307654]
3837981302330 [22525951298430 22525951298430 22525951298430 ... 95989891307654
 95989891307654 95989891307654]
3837981302330 [22525951298430 22525951298430 22525951298430 ... 95989891307654
 95989891307654 95989891307654]
17522581211764 [22525951298430 22525951298430 22525951298430 ... 95989891307654
 95989891307654 95989891307654]
17522581211764 [22525951298430 22525951298430 22525951298430 ... 95989891307654
 95989891307654 95989891307654]
17522581211764 [22525951298430 22525951298430 22525951298430 ... 95989891307654
 95989891307654 95989891307654]
17522581211764 [22525951298430 22525951298430 22525951298430 ... 95989891307654
 95989891307654 95989891307654]
17522581211764 [22525951298430 22525951298430 22525951298430 ... 95989891307654
 95989891307654 95989891307654]
51104171208356 [22525951298430 22525951298430 22525951298430 ... 95989891307654
 95989891307654 95989891307654]
51104171208356 [22525951298430 22525951298430 22525951298430 ... 95989891307654
 95989891307654 95989891307654]
51104171208356 [22525951298430 22525951298430 22525951298430 ... 95989891307654
 95989891307654 95989891307654]
51104171208356 [22525951298430 22525951298430 22525951298430 ... 95989891307654
 95989891307654 95989891307654]
51104171208356 [22525951298430 22525951298430 22525951298430 ... 95989891307654
 95989891307654 95989891307654]
25849821298371 [22525951298430 22525951298430 22525951298430 ... 95989891307654
 95989891307654 95989891307654]
25849821298371 [22525951298430 22525951298430 22525951298430 ... 95989891307654
 95989891307654 95989891307654]
25849821298371 [22525951298430 22525951298430 22525951298430 ... 95989891307654
 95989891307654 95989891307654]
25849821298371 [22525951298430 22525951298430 22525951298430 ... 95989891307654
 95989891307654 95989891307654]
25849821298371 [22525951298430 22525951298430 22525951298430 ... 95989891307654
 95989891307654 95989891307654]
43531311300857 [22525951298430 22525951298430 22525951298430 ... 95989891307654
 95989891307654 95989891307654]
43531311300857 [22525951298430 22525951298430 22525951298430 ... 95989891307654
 95989891307654 95989891307654]
43531311300857 [22525951298430 22525951298430 22525951298430 ... 95989891307654
 95989891307654 95989891307654]
43531311300857 [22525951298430 22525951298430 22525951298430 ... 95989891307654
 95989891307654 95989891307654]
43531311300857 [22525951298430 22525951298430 22525951298430 ... 95989891307654
 95989891307654 95989891307654]
49250251300125 [22525951298430 22525951298430 22525951298430 ... 95989891307654
 95989891307654 95989891307654]
49250251300125 [22525951298430 22525951298430 22525951298430 ... 95989891307654
 95989891307654 95989891307654]
49250251300125 [22525951298430 22525951298430 22525951298430 ... 95989891307654
 95989891307654 95989891307654]
49250251300125 [22525951298430 22525951298430 22525951298430 ... 95989891307654
 95989891307654 95989891307654]
49250251300125 [22525951298430 22525951298430 22525951298430 ... 95989891307654
 95989891307654 95989891307654]
77452701210564 [22525951298430 22525951298430 22525951298430 ... 95989891307654
 95989891307654 95989891307654]
77452701210564 [22525951298430 22525951298430 22525951298430 ... 95989891307654
 95989891307654 95989891307654]
77452701210564 [22525951298430 22525951298430 22525951298430 ... 95989891307654
 95989891307654 95989891307654]
77452701210564 [22525951298430 22525951298430 22525951298430 ... 95989891307654
 95989891307654 95989891307654]
77452701210564 [22525951298430 22525951298430 22525951298430 ... 95989891307654
 95989891307654 95989891307654]
82480531207931 [22525951298430 22525951298430 22525951298430 ... 95989891307654
 95989891307654 95989891307654]
82480531207931 [22525951298430 22525951298430 22525951298430 ... 95989891307654
 95989891307654 95989891307654]
82480531207931 [22525951298430 22525951298430 22525951298430 ... 95989891307654
 95989891307654 95989891307654]
82480531207931 [22525951298430 22525951298430 22525951298430 ... 95989891307654
 95989891307654 95989891307654]
82480531207931 [22525951298430 22525951298430 22525951298430 ... 95989891307654
 95989891307654 95989891307654]
6868541303561 [22525951298430 22525951298430 22525951298430 ... 95989891307654
 95989891307654 95989891307654]
6868541303561 [22525951298430 22525951298430 22525951298430 ... 95989891307654
 95989891307654 95989891307654]
6868541303561 [22525951298430 22525951298430 22525951298430 ... 95989891307654
 95989891307654 95989891307654]
6868541303561 [22525951298430 22525951298430 22525951298430 ... 95989891307654
 95989891307654 95989891307654]
6868541303561 [22525951298430 22525951298430 22525951298430 ... 95989891307654
 95989891307654 95989891307654]
86014831210665 [22525951298430 22525951298430 22525951298430 ... 95989891307654
 95989891307654 95989891307654]
86014831210665 [22525951298430 22525951298430 22525951298430 ... 95989891307654
 95989891307654 95989891307654]
86014831210665 [22525951298430 22525951298430 22525951298430 ... 95989891307654
 95989891307654 95989891307654]
86014831210665 [22525951298430 22525951298430 22525951298430 ... 95989891307654
 95989891307654 95989891307654]
86014831210665 [22525951298430 22525951298430 22525951298430 ... 95989891307654
 95989891307654 95989891307654]
6868541303561 [22525951298430 22525951298430 22525951298430 ... 95989891307654
 95989891307654 95989891307654]
6868541303561 [22525951298430 22525951298430 22525951298430 ... 95989891307654
 95989891307654 95989891307654]
6868541303561 [22525951298430 22525951298430 22525951298430 ... 95989891307654
 95989891307654 95989891307654]
6868541303561 [22525951298430 22525951298430 22525951298430 ... 95989891307654
 95989891307654 95989891307654]
6868541303561 [22525951298430 22525951298430 22525951298430 ... 95989891307654
 95989891307654 95989891307654]
14690131207583 [22525951298430 22525951298430 22525951298430 ... 95989891307654
 95989891307654 95989891307654]
14690131207583 [22525951298430 22525951298430 22525951298430 ... 95989891307654
 95989891307654 95989891307654]
14690131207583 [22525951298430 22525951298430 22525951298430 ... 95989891307654
 95989891307654 95989891307654]
14690131207583 [22525951298430 22525951298430 22525951298430 ... 95989891307654
 95989891307654 95989891307654]
14690131207583 [22525951298430 22525951298430 22525951298430 ... 95989891307654
 95989891307654 95989891307654]
83726731301194 [22525951298430 22525951298430 22525951298430 ... 95989891307654
 95989891307654 95989891307654]
83726731301194 [22525951298430 22525951298430 22525951298430 ... 95989891307654
 95989891307654 95989891307654]
83726731301194 [22525951298430 22525951298430 22525951298430 ... 95989891307654
 95989891307654 95989891307654]
83726731301194 [22525951298430 22525951298430 22525951298430 ... 95989891307654
 95989891307654 95989891307654]
83726731301194 [22525951298430 22525951298430 22525951298430 ... 95989891307654
 95989891307654 95989891307654]
88337371298357 [22525951298430 22525951298430 22525951298430 ... 95989891307654
 95989891307654 95989891307654]
88337371298357 [22525951298430 22525951298430 22525951298430 ... 95989891307654
 95989891307654 95989891307654]
88337371298357 [22525951298430 22525951298430 22525951298430 ... 95989891307654
 95989891307654 95989891307654]
88337371298357 [22525951298430 22525951298430 22525951298430 ... 95989891307654
 95989891307654 95989891307654]
88337371298357 [22525951298430 22525951298430 22525951298430 ... 95989891307654
 95989891307654 95989891307654]
34491481207982 [22525951298430 22525951298430 22525951298430 ... 95989891307654
 95989891307654 95989891307654]
34491481207982 [22525951298430 22525951298430 22525951298430 ... 95989891307654
 95989891307654 95989891307654]
34491481207982 [22525951298430 22525951298430 22525951298430 ... 95989891307654
 95989891307654 95989891307654]
34491481207982 [22525951298430 22525951298430 22525951298430 ... 95989891307654
 95989891307654 95989891307654]
34491481207982 [22525951298430 22525951298430 22525951298430 ... 95989891307654
 95989891307654 95989891307654]
35620651305804 [22525951298430 22525951298430 22525951298430 ... 95989891307654
 95989891307654 95989891307654]
35620651305804 [22525951298430 22525951298430 22525951298430 ... 95989891307654
 95989891307654 95989891307654]
35620651305804 [22525951298430 22525951298430 22525951298430 ... 95989891307654
 95989891307654 95989891307654]
35620651305804 [22525951298430 22525951298430 22525951298430 ... 95989891307654
 95989891307654 95989891307654]
35620651305804 [22525951298430 22525951298430 22525951298430 ... 95989891307654
 95989891307654 95989891307654]
75989481307630 [22525951298430 22525951298430 22525951298430 ... 95989891307654
 95989891307654 95989891307654]
75989481307630 [22525951298430 22525951298430 22525951298430 ... 95989891307654
 95989891307654 95989891307654]
75989481307630 [22525951298430 22525951298430 22525951298430 ... 95989891307654
 95989891307654 95989891307654]
75989481307630 [22525951298430 22525951298430 22525951298430 ... 95989891307654
 95989891307654 95989891307654]
75989481307630 [22525951298430 22525951298430 22525951298430 ... 95989891307654
 95989891307654 95989891307654]
99834241303105 [22525951298430 22525951298430 22525951298430 ... 95989891307654
 95989891307654 95989891307654]
99834241303105 [22525951298430 22525951298430 22525951298430 ... 95989891307654
 95989891307654 95989891307654]
99834241303105 [22525951298430 22525951298430 22525951298430 ... 95989891307654
 95989891307654 95989891307654]
99834241303105 [22525951298430 22525951298430 22525951298430 ... 95989891307654
 95989891307654 95989891307654]
99834241303105 [22525951298430 22525951298430 22525951298430 ... 95989891307654
 95989891307654 95989891307654]
41706251207915 [22525951298430 22525951298430 22525951298430 ... 95989891307654
 95989891307654 95989891307654]
41706251207915 [22525951298430 22525951298430 22525951298430 ... 95989891307654
 95989891307654 95989891307654]
41706251207915 [22525951298430 22525951298430 22525951298430 ... 95989891307654
 95989891307654 95989891307654]
41706251207915 [22525951298430 22525951298430 22525951298430 ... 95989891307654
 95989891307654 95989891307654]
41706251207915 [22525951298430 22525951298430 22525951298430 ... 95989891307654
 95989891307654 95989891307654]
72033901212155 [22525951298430 22525951298430 22525951298430 ... 95989891307654
 95989891307654 95989891307654]
72033901212155 [22525951298430 22525951298430 22525951298430 ... 95989891307654
 95989891307654 95989891307654]
72033901212155 [22525951298430 22525951298430 22525951298430 ... 95989891307654
 95989891307654 95989891307654]
72033901212155 [22525951298430 22525951298430 22525951298430 ... 95989891307654
 95989891307654 95989891307654]
72033901212155 [22525951298430 22525951298430 22525951298430 ... 95989891307654
 95989891307654 95989891307654]
13156731206722 [22525951298430 22525951298430 22525951298430 ... 95989891307654
 95989891307654 95989891307654]
13156731206722 [22525951298430 22525951298430 22525951298430 ... 95989891307654
 95989891307654 95989891307654]
13156731206722 [22525951298430 22525951298430 22525951298430 ... 95989891307654
 95989891307654 95989891307654]
13156731206722 [22525951298430 22525951298430 22525951298430 ... 95989891307654
 95989891307654 95989891307654]
13156731206722 [22525951298430 22525951298430 22525951298430 ... 95989891307654
 95989891307654 95989891307654]
6082346448 [22525951298430 22525951298430 22525951298430 ... 95989891307654
 95989891307654 95989891307654]
6082346448 [22525951298430 22525951298430 22525951298430 ... 95989891307654
 95989891307654 95989891307654]
6082346448 [22525951298430 22525951298430 22525951298430 ... 95989891307654
 95989891307654 95989891307654]
6082346448 [22525951298430 22525951298430 22525951298430 ... 95989891307654
 95989891307654 95989891307654]
6082346448 [22525951298430 22525951298430 22525951298430 ... 95989891307654
 95989891307654 95989891307654]
43172511208445 [22525951298430 22525951298430 22525951298430 ... 95989891307654
 95989891307654 95989891307654]
43172511208445 [22525951298430 22525951298430 22525951298430 ... 95989891307654
 95989891307654 95989891307654]
43172511208445 [22525951298430 22525951298430 22525951298430 ... 95989891307654
 95989891307654 95989891307654]
43172511208445 [22525951298430 22525951298430 22525951298430 ... 95989891307654
 95989891307654 95989891307654]
43172511208445 [22525951298430 22525951298430 22525951298430 ... 95989891307654
 95989891307654 95989891307654]
13725941306055 [22525951298430 22525951298430 22525951298430 ... 95989891307654
 95989891307654 95989891307654]
13725941306055 [22525951298430 22525951298430 22525951298430 ... 95989891307654
 95989891307654 95989891307654]
13725941306055 [22525951298430 22525951298430 22525951298430 ... 95989891307654
 95989891307654 95989891307654]
13725941306055 [22525951298430 22525951298430 22525951298430 ... 95989891307654
 95989891307654 95989891307654]
13725941306055 [22525951298430 22525951298430 22525951298430 ... 95989891307654
 95989891307654 95989891307654]
14690131207583 [22525951298430 22525951298430 22525951298430 ... 95989891307654
 95989891307654 95989891307654]
14690131207583 [22525951298430 22525951298430 22525951298430 ... 95989891307654
 95989891307654 95989891307654]
14690131207583 [22525951298430 22525951298430 22525951298430 ... 95989891307654
 95989891307654 95989891307654]
14690131207583 [22525951298430 22525951298430 22525951298430 ... 95989891307654
 95989891307654 95989891307654]
14690131207583 [22525951298430 22525951298430 22525951298430 ... 95989891307654
 95989891307654 95989891307654]
32387861302275 [22525951298430 22525951298430 22525951298430 ... 95989891307654
 95989891307654 95989891307654]
32387861302275 [22525951298430 22525951298430 22525951298430 ... 95989891307654
 95989891307654 95989891307654]
32387861302275 [22525951298430 22525951298430 22525951298430 ... 95989891307654
 95989891307654 95989891307654]
32387861302275 [22525951298430 22525951298430 22525951298430 ... 95989891307654
 95989891307654 95989891307654]
32387861302275 [22525951298430 22525951298430 22525951298430 ... 95989891307654
 95989891307654 95989891307654]
64135601304722 [22525951298430 22525951298430 22525951298430 ... 95989891307654
 95989891307654 95989891307654]
64135601304722 [22525951298430 22525951298430 22525951298430 ... 95989891307654
 95989891307654 95989891307654]
64135601304722 [22525951298430 22525951298430 22525951298430 ... 95989891307654
 95989891307654 95989891307654]
64135601304722 [22525951298430 22525951298430 22525951298430 ... 95989891307654
 95989891307654 95989891307654]
64135601304722 [22525951298430 22525951298430 22525951298430 ... 95989891307654
 95989891307654 95989891307654]
72016531208717 [22525951298430 22525951298430 22525951298430 ... 95989891307654
 95989891307654 95989891307654]
72016531208717 [22525951298430 22525951298430 22525951298430 ... 95989891307654
 95989891307654 95989891307654]
72016531208717 [22525951298430 22525951298430 22525951298430 ... 95989891307654
 95989891307654 95989891307654]
72016531208717 [22525951298430 22525951298430 22525951298430 ... 95989891307654
 95989891307654 95989891307654]
72016531208717 [22525951298430 22525951298430 22525951298430 ... 95989891307654
 95989891307654 95989891307654]
82095201209106 [22525951298430 22525951298430 22525951298430 ... 95989891307654
 95989891307654 95989891307654]
82095201209106 [22525951298430 22525951298430 22525951298430 ... 95989891307654
 95989891307654 95989891307654]
82095201209106 [22525951298430 22525951298430 22525951298430 ... 95989891307654
 95989891307654 95989891307654]
82095201209106 [22525951298430 22525951298430 22525951298430 ... 95989891307654
 95989891307654 95989891307654]
82095201209106 [22525951298430 22525951298430 22525951298430 ... 95989891307654
 95989891307654 95989891307654]
10429281299023 [22525951298430 22525951298430 22525951298430 ... 95989891307654
 95989891307654 95989891307654]
10429281299023 [22525951298430 22525951298430 22525951298430 ... 95989891307654
 95989891307654 95989891307654]
10429281299023 [22525951298430 22525951298430 22525951298430 ... 95989891307654
 95989891307654 95989891307654]
10429281299023 [22525951298430 22525951298430 22525951298430 ... 95989891307654
 95989891307654 95989891307654]
10429281299023 [22525951298430 22525951298430 22525951298430 ... 95989891307654
 95989891307654 95989891307654]
22730021308275 [22525951298430 22525951298430 22525951298430 ... 95989891307654
 95989891307654 95989891307654]
22730021308275 [22525951298430 22525951298430 22525951298430 ... 95989891307654
 95989891307654 95989891307654]
22730021308275 [22525951298430 22525951298430 22525951298430 ... 95989891307654
 95989891307654 95989891307654]
22730021308275 [22525951298430 22525951298430 22525951298430 ... 95989891307654
 95989891307654 95989891307654]
22730021308275 [22525951298430 22525951298430 22525951298430 ... 95989891307654
 95989891307654 95989891307654]
80079161304345 [22525951298430 22525951298430 22525951298430 ... 95989891307654
 95989891307654 95989891307654]
80079161304345 [22525951298430 22525951298430 22525951298430 ... 95989891307654
 95989891307654 95989891307654]
80079161304345 [22525951298430 22525951298430 22525951298430 ... 95989891307654
 95989891307654 95989891307654]
80079161304345 [22525951298430 22525951298430 22525951298430 ... 95989891307654
 95989891307654 95989891307654]
80079161304345 [22525951298430 22525951298430 22525951298430 ... 95989891307654
 95989891307654 95989891307654]
80485351208094 [22525951298430 22525951298430 22525951298430 ... 95989891307654
 95989891307654 95989891307654]
80485351208094 [22525951298430 22525951298430 22525951298430 ... 95989891307654
 95989891307654 95989891307654]
80485351208094 [22525951298430 22525951298430 22525951298430 ... 95989891307654
 95989891307654 95989891307654]
80485351208094 [22525951298430 22525951298430 22525951298430 ... 95989891307654
 95989891307654 95989891307654]
80485351208094 [22525951298430 22525951298430 22525951298430 ... 95989891307654
 95989891307654 95989891307654]
63877741208863 [22525951298430 22525951298430 22525951298430 ... 95989891307654
 95989891307654 95989891307654]
63877741208863 [22525951298430 22525951298430 22525951298430 ... 95989891307654
 95989891307654 95989891307654]
63877741208863 [22525951298430 22525951298430 22525951298430 ... 95989891307654
 95989891307654 95989891307654]
63877741208863 [22525951298430 22525951298430 22525951298430 ... 95989891307654
 95989891307654 95989891307654]
63877741208863 [22525951298430 22525951298430 22525951298430 ... 95989891307654
 95989891307654 95989891307654]
77268941300011 [22525951298430 22525951298430 22525951298430 ... 95989891307654
 95989891307654 95989891307654]
77268941300011 [22525951298430 22525951298430 22525951298430 ... 95989891307654
 95989891307654 95989891307654]
77268941300011 [22525951298430 22525951298430 22525951298430 ... 95989891307654
 95989891307654 95989891307654]
77268941300011 [22525951298430 22525951298430 22525951298430 ... 95989891307654
 95989891307654 95989891307654]
77268941300011 [22525951298430 22525951298430 22525951298430 ... 95989891307654
 95989891307654 95989891307654]
94566061210360 [22525951298430 22525951298430 22525951298430 ... 95989891307654
 95989891307654 95989891307654]
94566061210360 [22525951298430 22525951298430 22525951298430 ... 95989891307654
 95989891307654 95989891307654]
94566061210360 [22525951298430 22525951298430 22525951298430 ... 95989891307654
 95989891307654 95989891307654]
94566061210360 [22525951298430 22525951298430 22525951298430 ... 95989891307654
 95989891307654 95989891307654]
94566061210360 [22525951298430 22525951298430 22525951298430 ... 95989891307654
 95989891307654 95989891307654]
15793541304174 [22525951298430 22525951298430 22525951298430 ... 95989891307654
 95989891307654 95989891307654]
15793541304174 [22525951298430 22525951298430 22525951298430 ... 95989891307654
 95989891307654 95989891307654]
15793541304174 [22525951298430 22525951298430 22525951298430 ... 95989891307654
 95989891307654 95989891307654]
15793541304174 [22525951298430 22525951298430 22525951298430 ... 95989891307654
 95989891307654 95989891307654]
15793541304174 [22525951298430 22525951298430 22525951298430 ... 95989891307654
 95989891307654 95989891307654]
22453561301363 [22525951298430 22525951298430 22525951298430 ... 95989891307654
 95989891307654 95989891307654]
22453561301363 [22525951298430 22525951298430 22525951298430 ... 95989891307654
 95989891307654 95989891307654]
22453561301363 [22525951298430 22525951298430 22525951298430 ... 95989891307654
 95989891307654 95989891307654]
22453561301363 [22525951298430 22525951298430 22525951298430 ... 95989891307654
 95989891307654 95989891307654]
22453561301363 [22525951298430 22525951298430 22525951298430 ... 95989891307654
 95989891307654 95989891307654]
69838781302932 [22525951298430 22525951298430 22525951298430 ... 95989891307654
 95989891307654 95989891307654]
69838781302932 [22525951298430 22525951298430 22525951298430 ... 95989891307654
 95989891307654 95989891307654]
69838781302932 [22525951298430 22525951298430 22525951298430 ... 95989891307654
 95989891307654 95989891307654]
69838781302932 [22525951298430 22525951298430 22525951298430 ... 95989891307654
 95989891307654 95989891307654]
69838781302932 [22525951298430 22525951298430 22525951298430 ... 95989891307654
 95989891307654 95989891307654]
93002061301296 [22525951298430 22525951298430 22525951298430 ... 95989891307654
 95989891307654 95989891307654]
93002061301296 [22525951298430 22525951298430 22525951298430 ... 95989891307654
 95989891307654 95989891307654]
93002061301296 [22525951298430 22525951298430 22525951298430 ... 95989891307654
 95989891307654 95989891307654]
93002061301296 [22525951298430 22525951298430 22525951298430 ... 95989891307654
 95989891307654 95989891307654]
93002061301296 [22525951298430 22525951298430 22525951298430 ... 95989891307654
 95989891307654 95989891307654]
98278691213423 [22525951298430 22525951298430 22525951298430 ... 95989891307654
 95989891307654 95989891307654]
98278691213423 [22525951298430 22525951298430 22525951298430 ... 95989891307654
 95989891307654 95989891307654]
98278691213423 [22525951298430 22525951298430 22525951298430 ... 95989891307654
 95989891307654 95989891307654]
98278691213423 [22525951298430 22525951298430 22525951298430 ... 95989891307654
 95989891307654 95989891307654]
98278691213423 [22525951298430 22525951298430 22525951298430 ... 95989891307654
 95989891307654 95989891307654]
37931531307855 [22525951298430 22525951298430 22525951298430 ... 95989891307654
 95989891307654 95989891307654]
37931531307855 [22525951298430 22525951298430 22525951298430 ... 95989891307654
 95989891307654 95989891307654]
37931531307855 [22525951298430 22525951298430 22525951298430 ... 95989891307654
 95989891307654 95989891307654]
37931531307855 [22525951298430 22525951298430 22525951298430 ... 95989891307654
 95989891307654 95989891307654]
37931531307855 [22525951298430 22525951298430 22525951298430 ... 95989891307654
 95989891307654 95989891307654]
52960911301357 [22525951298430 22525951298430 22525951298430 ... 95989891307654
 95989891307654 95989891307654]
52960911301357 [22525951298430 22525951298430 22525951298430 ... 95989891307654
 95989891307654 95989891307654]
52960911301357 [22525951298430 22525951298430 22525951298430 ... 95989891307654
 95989891307654 95989891307654]
52960911301357 [22525951298430 22525951298430 22525951298430 ... 95989891307654
 95989891307654 95989891307654]
52960911301357 [22525951298430 22525951298430 22525951298430 ... 95989891307654
 95989891307654 95989891307654]
65914401208365 [22525951298430 22525951298430 22525951298430 ... 95989891307654
 95989891307654 95989891307654]
65914401208365 [22525951298430 22525951298430 22525951298430 ... 95989891307654
 95989891307654 95989891307654]
65914401208365 [22525951298430 22525951298430 22525951298430 ... 95989891307654
 95989891307654 95989891307654]
65914401208365 [22525951298430 22525951298430 22525951298430 ... 95989891307654
 95989891307654 95989891307654]
65914401208365 [22525951298430 22525951298430 22525951298430 ... 95989891307654
 95989891307654 95989891307654]
95535001300230 [22525951298430 22525951298430 22525951298430 ... 95989891307654
 95989891307654 95989891307654]
95535001300230 [22525951298430 22525951298430 22525951298430 ... 95989891307654
 95989891307654 95989891307654]
95535001300230 [22525951298430 22525951298430 22525951298430 ... 95989891307654
 95989891307654 95989891307654]
95535001300230 [22525951298430 22525951298430 22525951298430 ... 95989891307654
 95989891307654 95989891307654]
95535001300230 [22525951298430 22525951298430 22525951298430 ... 95989891307654
 95989891307654 95989891307654]
35620651305804 [22525951298430 22525951298430 22525951298430 ... 95989891307654
 95989891307654 95989891307654]
35620651305804 [22525951298430 22525951298430 22525951298430 ... 95989891307654
 95989891307654 95989891307654]
35620651305804 [22525951298430 22525951298430 22525951298430 ... 95989891307654
 95989891307654 95989891307654]
35620651305804 [22525951298430 22525951298430 22525951298430 ... 95989891307654
 95989891307654 95989891307654]
35620651305804 [22525951298430 22525951298430 22525951298430 ... 95989891307654
 95989891307654 95989891307654]
40813051303710 [22525951298430 22525951298430 22525951298430 ... 95989891307654
 95989891307654 95989891307654]
40813051303710 [22525951298430 22525951298430 22525951298430 ... 95989891307654
 95989891307654 95989891307654]
40813051303710 [22525951298430 22525951298430 22525951298430 ... 95989891307654
 95989891307654 95989891307654]
40813051303710 [22525951298430 22525951298430 22525951298430 ... 95989891307654
 95989891307654 95989891307654]
40813051303710 [22525951298430 22525951298430 22525951298430 ... 95989891307654
 95989891307654 95989891307654]
74432281299900 [22525951298430 22525951298430 22525951298430 ... 95989891307654
 95989891307654 95989891307654]
74432281299900 [22525951298430 22525951298430 22525951298430 ... 95989891307654
 95989891307654 95989891307654]
74432281299900 [22525951298430 22525951298430 22525951298430 ... 95989891307654
 95989891307654 95989891307654]
74432281299900 [22525951298430 22525951298430 22525951298430 ... 95989891307654
 95989891307654 95989891307654]
74432281299900 [22525951298430 22525951298430 22525951298430 ... 95989891307654
 95989891307654 95989891307654]
98268321307672 [22525951298430 22525951298430 22525951298430 ... 95989891307654
 95989891307654 95989891307654]
98268321307672 [22525951298430 22525951298430 22525951298430 ... 95989891307654
 95989891307654 95989891307654]
98268321307672 [22525951298430 22525951298430 22525951298430 ... 95989891307654
 95989891307654 95989891307654]
98268321307672 [22525951298430 22525951298430 22525951298430 ... 95989891307654
 95989891307654 95989891307654]
98268321307672 [22525951298430 22525951298430 22525951298430 ... 95989891307654
 95989891307654 95989891307654]
14690131207583 [22525951298430 22525951298430 22525951298430 ... 95989891307654
 95989891307654 95989891307654]
14690131207583 [22525951298430 22525951298430 22525951298430 ... 95989891307654
 95989891307654 95989891307654]
14690131207583 [22525951298430 22525951298430 22525951298430 ... 95989891307654
 95989891307654 95989891307654]
14690131207583 [22525951298430 22525951298430 22525951298430 ... 95989891307654
 95989891307654 95989891307654]
14690131207583 [22525951298430 22525951298430 22525951298430 ... 95989891307654
 95989891307654 95989891307654]
38086681208524 [22525951298430 22525951298430 22525951298430 ... 95989891307654
 95989891307654 95989891307654]
38086681208524 [22525951298430 22525951298430 22525951298430 ... 95989891307654
 95989891307654 95989891307654]
38086681208524 [22525951298430 22525951298430 22525951298430 ... 95989891307654
 95989891307654 95989891307654]
38086681208524 [22525951298430 22525951298430 22525951298430 ... 95989891307654
 95989891307654 95989891307654]
38086681208524 [22525951298430 22525951298430 22525951298430 ... 95989891307654
 95989891307654 95989891307654]
38174511303210 [22525951298430 22525951298430 22525951298430 ... 95989891307654
 95989891307654 95989891307654]
38174511303210 [22525951298430 22525951298430 22525951298430 ... 95989891307654
 95989891307654 95989891307654]
38174511303210 [22525951298430 22525951298430 22525951298430 ... 95989891307654
 95989891307654 95989891307654]
38174511303210 [22525951298430 22525951298430 22525951298430 ... 95989891307654
 95989891307654 95989891307654]
38174511303210 [22525951298430 22525951298430 22525951298430 ... 95989891307654
 95989891307654 95989891307654]
63017441305961 [22525951298430 22525951298430 22525951298430 ... 95989891307654
 95989891307654 95989891307654]
63017441305961 [22525951298430 22525951298430 22525951298430 ... 95989891307654
 95989891307654 95989891307654]
63017441305961 [22525951298430 22525951298430 22525951298430 ... 95989891307654
 95989891307654 95989891307654]
63017441305961 [22525951298430 22525951298430 22525951298430 ... 95989891307654
 95989891307654 95989891307654]
63017441305961 [22525951298430 22525951298430 22525951298430 ... 95989891307654
 95989891307654 95989891307654]
95087801307715 [22525951298430 22525951298430 22525951298430 ... 95989891307654
 95989891307654 95989891307654]
95087801307715 [22525951298430 22525951298430 22525951298430 ... 95989891307654
 95989891307654 95989891307654]
95087801307715 [22525951298430 22525951298430 22525951298430 ... 95989891307654
 95989891307654 95989891307654]
95087801307715 [22525951298430 22525951298430 22525951298430 ... 95989891307654
 95989891307654 95989891307654]
95087801307715 [22525951298430 22525951298430 22525951298430 ... 95989891307654
 95989891307654 95989891307654]
95989891307654 [22525951298430 22525951298430 22525951298430 ... 95989891307654
 95989891307654 95989891307654]
95989891307654 [22525951298430 22525951298430 22525951298430 ... 95989891307654
 95989891307654 95989891307654]
95989891307654 [22525951298430 22525951298430 22525951298430 ... 95989891307654
 95989891307654 95989891307654]
95989891307654 [22525951298430 22525951298430 22525951298430 ... 95989891307654
 95989891307654 95989891307654]
95989891307654 [22525951298430 22525951298430 22525951298430 ... 95989891307654
 95989891307654 95989891307654]
Rank@1:0.000000 Rank@5:0.000000 Rank@10:0.000000 mAP:0.000000
torch.Size([305, 512])
0 tensor(1, dtype=torch.int32)
1 tensor(1, dtype=torch.int32)
2 tensor(1, dtype=torch.int32)
3 tensor(1, dtype=torch.int32)
4 tensor(1, dtype=torch.int32)
5 tensor(1, dtype=torch.int32)
6 tensor(1, dtype=torch.int32)
7 tensor(1, dtype=torch.int32)
8 tensor(1, dtype=torch.int32)
9 tensor(1, dtype=torch.int32)
10 tensor(1, dtype=torch.int32)
11 tensor(1, dtype=torch.int32)
12 tensor(1, dtype=torch.int32)
13 tensor(1, dtype=torch.int32)
14 tensor(1, dtype=torch.int32)
15 tensor(1, dtype=torch.int32)
16 tensor(1, dtype=torch.int32)
17 tensor(1, dtype=torch.int32)
18 tensor(1, dtype=torch.int32)
19 tensor(1, dtype=torch.int32)
20 tensor(1, dtype=torch.int32)
21 tensor(1, dtype=torch.int32)
22 tensor(1, dtype=torch.int32)
23 tensor(1, dtype=torch.int32)
24 tensor(1, dtype=torch.int32)
25 tensor(1, dtype=torch.int32)
26 tensor(1, dtype=torch.int32)
27 tensor(1, dtype=torch.int32)
28 tensor(1, dtype=torch.int32)
29 tensor(1, dtype=torch.int32)
30 tensor(1, dtype=torch.int32)
31 tensor(1, dtype=torch.int32)
32 tensor(1, dtype=torch.int32)
33 tensor(1, dtype=torch.int32)
34 tensor(1, dtype=torch.int32)
35 tensor(1, dtype=torch.int32)
36 tensor(1, dtype=torch.int32)
37 tensor(1, dtype=torch.int32)
38 tensor(1, dtype=torch.int32)
39 tensor(1, dtype=torch.int32)
40 tensor(1, dtype=torch.int32)
41 tensor(1, dtype=torch.int32)
42 tensor(1, dtype=torch.int32)
43 tensor(1, dtype=torch.int32)
44 tensor(1, dtype=torch.int32)
45 tensor(1, dtype=torch.int32)
46 tensor(1, dtype=torch.int32)
47 tensor(1, dtype=torch.int32)
48 tensor(1, dtype=torch.int32)
49 tensor(1, dtype=torch.int32)
50 tensor(1, dtype=torch.int32)
51 tensor(1, dtype=torch.int32)
52 tensor(1, dtype=torch.int32)
53 tensor(1, dtype=torch.int32)
54 tensor(1, dtype=torch.int32)
55 tensor(1, dtype=torch.int32)
56 tensor(1, dtype=torch.int32)
57 tensor(1, dtype=torch.int32)
58 tensor(1, dtype=torch.int32)
59 tensor(1, dtype=torch.int32)
60 tensor(0, dtype=torch.int32)
61 tensor(1, dtype=torch.int32)
62 tensor(1, dtype=torch.int32)
63 tensor(1, dtype=torch.int32)
64 tensor(1, dtype=torch.int32)
65 tensor(1, dtype=torch.int32)
66 tensor(1, dtype=torch.int32)
67 tensor(1, dtype=torch.int32)
68 tensor(1, dtype=torch.int32)
69 tensor(1, dtype=torch.int32)
70 tensor(1, dtype=torch.int32)
71 tensor(1, dtype=torch.int32)
72 tensor(1, dtype=torch.int32)
73 tensor(1, dtype=torch.int32)
74 tensor(1, dtype=torch.int32)
75 tensor(1, dtype=torch.int32)
76 tensor(1, dtype=torch.int32)
77 tensor(1, dtype=torch.int32)
78 tensor(1, dtype=torch.int32)
79 tensor(1, dtype=torch.int32)
80 tensor(1, dtype=torch.int32)
81 tensor(1, dtype=torch.int32)
82 tensor(1, dtype=torch.int32)
83 tensor(1, dtype=torch.int32)
84 tensor(1, dtype=torch.int32)
85 tensor(1, dtype=torch.int32)
86 tensor(1, dtype=torch.int32)
87 tensor(1, dtype=torch.int32)
88 tensor(1, dtype=torch.int32)
89 tensor(1, dtype=torch.int32)
90 tensor(1, dtype=torch.int32)
91 tensor(1, dtype=torch.int32)
92 tensor(1, dtype=torch.int32)
93 tensor(1, dtype=torch.int32)
94 tensor(1, dtype=torch.int32)
95 tensor(1, dtype=torch.int32)
96 tensor(1, dtype=torch.int32)
97 tensor(1, dtype=torch.int32)
98 tensor(1, dtype=torch.int32)
99 tensor(1, dtype=torch.int32)
100 tensor(1, dtype=torch.int32)
101 tensor(1, dtype=torch.int32)
102 tensor(1, dtype=torch.int32)
103 tensor(1, dtype=torch.int32)
104 tensor(1, dtype=torch.int32)
105 tensor(1, dtype=torch.int32)
106 tensor(1, dtype=torch.int32)
107 tensor(1, dtype=torch.int32)
108 tensor(1, dtype=torch.int32)
109 tensor(1, dtype=torch.int32)
110 tensor(1, dtype=torch.int32)
111 tensor(1, dtype=torch.int32)
112 tensor(1, dtype=torch.int32)
113 tensor(1, dtype=torch.int32)
114 tensor(1, dtype=torch.int32)
115 tensor(1, dtype=torch.int32)
116 tensor(1, dtype=torch.int32)
117 tensor(1, dtype=torch.int32)
118 tensor(1, dtype=torch.int32)
119 tensor(1, dtype=torch.int32)
120 tensor(1, dtype=torch.int32)
121 tensor(1, dtype=torch.int32)
122 tensor(1, dtype=torch.int32)
123 tensor(1, dtype=torch.int32)
124 tensor(1, dtype=torch.int32)
125 tensor(1, dtype=torch.int32)
126 tensor(1, dtype=torch.int32)
127 tensor(1, dtype=torch.int32)
128 tensor(1, dtype=torch.int32)
129 tensor(1, dtype=torch.int32)
130 tensor(1, dtype=torch.int32)
131 tensor(1, dtype=torch.int32)
132 tensor(1, dtype=torch.int32)
133 tensor(1, dtype=torch.int32)
134 tensor(1, dtype=torch.int32)
135 tensor(1, dtype=torch.int32)
136 tensor(1, dtype=torch.int32)
137 tensor(1, dtype=torch.int32)
138 tensor(1, dtype=torch.int32)
139 tensor(1, dtype=torch.int32)
140 tensor(1, dtype=torch.int32)
141 tensor(1, dtype=torch.int32)
142 tensor(1, dtype=torch.int32)
143 tensor(1, dtype=torch.int32)
144 tensor(1, dtype=torch.int32)
145 tensor(1, dtype=torch.int32)
146 tensor(1, dtype=torch.int32)
147 tensor(1, dtype=torch.int32)
148 tensor(1, dtype=torch.int32)
149 tensor(1, dtype=torch.int32)
150 tensor(1, dtype=torch.int32)
151 tensor(1, dtype=torch.int32)
152 tensor(1, dtype=torch.int32)
153 tensor(1, dtype=torch.int32)
154 tensor(1, dtype=torch.int32)
155 tensor(1, dtype=torch.int32)
156 tensor(1, dtype=torch.int32)
157 tensor(1, dtype=torch.int32)
158 tensor(1, dtype=torch.int32)
159 tensor(1, dtype=torch.int32)
160 tensor(1, dtype=torch.int32)
161 tensor(1, dtype=torch.int32)
162 tensor(1, dtype=torch.int32)
163 tensor(1, dtype=torch.int32)
164 tensor(1, dtype=torch.int32)
165 tensor(1, dtype=torch.int32)
166 tensor(1, dtype=torch.int32)
167 tensor(1, dtype=torch.int32)
168 tensor(1, dtype=torch.int32)
169 tensor(1, dtype=torch.int32)
170 tensor(1, dtype=torch.int32)
171 tensor(1, dtype=torch.int32)
172 tensor(1, dtype=torch.int32)
173 tensor(1, dtype=torch.int32)
174 tensor(1, dtype=torch.int32)
175 tensor(1, dtype=torch.int32)
176 tensor(1, dtype=torch.int32)
177 tensor(1, dtype=torch.int32)
178 tensor(1, dtype=torch.int32)
179 tensor(1, dtype=torch.int32)
180 tensor(1, dtype=torch.int32)
181 tensor(1, dtype=torch.int32)
182 tensor(1, dtype=torch.int32)
183 tensor(1, dtype=torch.int32)
184 tensor(1, dtype=torch.int32)
185 tensor(1, dtype=torch.int32)
186 tensor(1, dtype=torch.int32)
187 tensor(1, dtype=torch.int32)
188 tensor(1, dtype=torch.int32)
189 tensor(1, dtype=torch.int32)
190 tensor(1, dtype=torch.int32)
191 tensor(1, dtype=torch.int32)
192 tensor(1, dtype=torch.int32)
193 tensor(1, dtype=torch.int32)
194 tensor(1, dtype=torch.int32)
195 tensor(1, dtype=torch.int32)
196 tensor(1, dtype=torch.int32)
197 tensor(1, dtype=torch.int32)
198 tensor(1, dtype=torch.int32)
199 tensor(1, dtype=torch.int32)
200 tensor(1, dtype=torch.int32)
201 tensor(1, dtype=torch.int32)
202 tensor(1, dtype=torch.int32)
203 tensor(1, dtype=torch.int32)
204 tensor(1, dtype=torch.int32)
205 tensor(1, dtype=torch.int32)
206 tensor(1, dtype=torch.int32)
207 tensor(1, dtype=torch.int32)
208 tensor(1, dtype=torch.int32)
209 tensor(1, dtype=torch.int32)
210 tensor(1, dtype=torch.int32)
211 tensor(1, dtype=torch.int32)
212 tensor(1, dtype=torch.int32)
213 tensor(1, dtype=torch.int32)
214 tensor(1, dtype=torch.int32)
215 tensor(1, dtype=torch.int32)
216 tensor(1, dtype=torch.int32)
217 tensor(1, dtype=torch.int32)
218 tensor(1, dtype=torch.int32)
219 tensor(1, dtype=torch.int32)
220 tensor(1, dtype=torch.int32)
221 tensor(1, dtype=torch.int32)
222 tensor(1, dtype=torch.int32)
223 tensor(1, dtype=torch.int32)
224 tensor(1, dtype=torch.int32)
225 tensor(1, dtype=torch.int32)
226 tensor(1, dtype=torch.int32)
227 tensor(1, dtype=torch.int32)
228 tensor(1, dtype=torch.int32)
229 tensor(1, dtype=torch.int32)
230 tensor(1, dtype=torch.int32)
231 tensor(1, dtype=torch.int32)
232 tensor(1, dtype=torch.int32)
233 tensor(1, dtype=torch.int32)
234 tensor(1, dtype=torch.int32)
235 tensor(1, dtype=torch.int32)
236 tensor(1, dtype=torch.int32)
237 tensor(1, dtype=torch.int32)
238 tensor(1, dtype=torch.int32)
239 tensor(1, dtype=torch.int32)
240 tensor(1, dtype=torch.int32)
241 tensor(1, dtype=torch.int32)
242 tensor(1, dtype=torch.int32)
243 tensor(1, dtype=torch.int32)
244 tensor(1, dtype=torch.int32)
245 tensor(1, dtype=torch.int32)
246 tensor(1, dtype=torch.int32)
247 tensor(1, dtype=torch.int32)
248 tensor(1, dtype=torch.int32)
249 tensor(1, dtype=torch.int32)
250 tensor(1, dtype=torch.int32)
251 tensor(1, dtype=torch.int32)
252 tensor(1, dtype=torch.int32)
253 tensor(1, dtype=torch.int32)
254 tensor(1, dtype=torch.int32)
255 tensor(1, dtype=torch.int32)
256 tensor(1, dtype=torch.int32)
257 tensor(1, dtype=torch.int32)
258 tensor(1, dtype=torch.int32)
259 tensor(1, dtype=torch.int32)
260 tensor(1, dtype=torch.int32)
261 tensor(1, dtype=torch.int32)
262 tensor(1, dtype=torch.int32)
263 tensor(1, dtype=torch.int32)
264 tensor(1, dtype=torch.int32)
265 tensor(1, dtype=torch.int32)
266 tensor(1, dtype=torch.int32)
267 tensor(1, dtype=torch.int32)
268 tensor(1, dtype=torch.int32)
269 tensor(1, dtype=torch.int32)
270 tensor(1, dtype=torch.int32)
271 tensor(1, dtype=torch.int32)
272 tensor(1, dtype=torch.int32)
273 tensor(1, dtype=torch.int32)
274 tensor(1, dtype=torch.int32)
275 tensor(1, dtype=torch.int32)
276 tensor(1, dtype=torch.int32)
277 tensor(1, dtype=torch.int32)
278 tensor(1, dtype=torch.int32)
279 tensor(1, dtype=torch.int32)
280 tensor(1, dtype=torch.int32)
281 tensor(1, dtype=torch.int32)
282 tensor(1, dtype=torch.int32)
283 tensor(1, dtype=torch.int32)
284 tensor(1, dtype=torch.int32)
285 tensor(1, dtype=torch.int32)
286 tensor(1, dtype=torch.int32)
287 tensor(1, dtype=torch.int32)
288 tensor(1, dtype=torch.int32)
289 tensor(1, dtype=torch.int32)
290 tensor(1, dtype=torch.int32)
291 tensor(1, dtype=torch.int32)
292 tensor(1, dtype=torch.int32)
293 tensor(1, dtype=torch.int32)
294 tensor(1, dtype=torch.int32)
295 tensor(0, dtype=torch.int32)
296 tensor(1, dtype=torch.int32)
297 tensor(1, dtype=torch.int32)
298 tensor(1, dtype=torch.int32)
299 tensor(1, dtype=torch.int32)
300 tensor(1, dtype=torch.int32)
301 tensor(1, dtype=torch.int32)
302 tensor(1, dtype=torch.int32)
303 tensor(1, dtype=torch.int32)
304 tensor(1, dtype=torch.int32)
Rank@1:0.993443 Rank@5:0.993443 Rank@10:0.993443 mAP:0.620166
